	Frame	X 	Y 	Z 
	1	0.305645	0.789730	7.941271
  	2	0.108955	0.791393	7.743831
  	3	0.095169	0.786520	7.538976
  	4	0.300863	0.773524	7.331288
  	5	0.503044	0.750840	7.123721
  	6	0.697604	0.717205	6.918223
  	7	0.881467	0.671721	6.715834
  	8	1.052502	0.613962	6.517134
  	9	1.209165	0.543663	6.322472
  	10	1.350097	0.460692	6.132248
  	11	1.473902	0.365032	5.947127
  	12	1.578941	0.256585	5.768255
  	13	1.663304	0.135269	5.597667
  	14	1.725023	0.000824	5.438230
  	15	1.761939	0.147227	5.293581
  	16	1.772004	0.309623	5.167810
  	17	1.752928	0.487786	5.065297
  	18	1.702054	0.683641	4.990120
  	19	1.616147	0.899303	4.945955
  	20	1.491024	1.136569	4.935509
  	21	1.321797	1.396411	4.960596
  	22	1.103033	1.678359	5.022267
  	23	0.829318	1.980742	5.120686
  	24	0.496214	2.300689	5.255366
  	25	0.100553	2.634522	5.424828
  	26	0.358735	2.977929	5.627142
  	27	0.880795	3.326481	5.859559
  	28	1.463240	3.675931	6.118058
  	29	2.101830	4.022427	6.398170
  	30	2.790864	4.362426	6.695193
  	31	3.523444	4.692240	7.004713
  	32	4.291886	5.007984	7.322344
  	33	5.088249	5.306098	7.643970
  	34	5.904930	5.583813	7.965122
  	35	6.735332	5.840144	8.280656
  	36	7.574388	6.076027	8.584846
  	37	8.418568	6.293661	8.872336
  	38	9.265747	6.496050	9.138754
  	39	10.113985	6.686123	9.381435
  	40	10.960728	6.866131	9.599024
  	41	11.801886	7.036716	9.791498
  	42	12.632165	7.196699	9.959782
  	43	13.445386	7.343421	10.105746
  	44	14.234961	7.473166	10.231614
  	45	14.994796	7.581932	10.339631
  	46	15.719769	7.665774	10.431053
  	47	16.406155	7.721272	10.506528
  	48	17.052225	7.746023	10.565195
  	49	17.658039	7.738779	10.604593
  	50	18.225618	7.699813	10.620706
  	51	18.758623	7.631004	10.608836
  	52	19.262953	7.536245	10.563273
  	53	19.745911	7.420761	10.478252
  	54	20.213711	7.288430	10.350973
  	55	20.669636	7.140308	10.183276
  	56	21.113983	6.975319	9.980774
  	57	21.545748	6.791939	9.750920
  	58	21.964243	6.589767	9.502885
  	59	22.369677	6.370163	9.247486
  	60	22.762915	6.135843	8.996099
  	61	23.145046	5.890534	8.759834
  	62	23.517063	5.638725	8.548953
  	63	23.879839	5.385475	8.372436
  	64	24.233835	5.136172	8.237856
  	65	24.579659	4.896006	8.150659
  	66	24.917547	4.669415	8.113544
  	67	25.248430	4.459608	8.126703
  	68	25.573477	4.268200	8.187735
  	69	25.894279	4.095530	8.291281
  	70	26.211599	3.940061	8.430410
  	71	26.524029	3.798849	8.597512
  	72	26.827892	3.667305	8.785961
  	73	27.117285	3.539953	8.990092
  	74	27.385248	3.411487	9.205306
  	75	27.624950	3.278150	9.427280
  	76	27.830347	3.138889	9.652370
  	77	27.996557	2.995808	9.877663
  	78	28.120684	2.853324	10.100301
  	79	28.201149	2.716173	10.316100
  	80	28.238102	2.587794	10.518785
  	81	28.233372	2.470448	10.701885
  	82	28.190166	2.365503	10.860125
  	83	28.112764	2.273296	10.991146
  	84	28.006495	2.193204	11.095980
  	85	27.877007	2.123789	11.179101
  	86	27.730183	2.062892	11.248182
  	87	27.571611	2.008248	11.312821
  	88	27.405809	1.957829	11.383252
  	89	27.236620	1.910592	11.468756
  	90	27.066484	1.866511	11.575450
  	91	26.897432	1.826852	11.704661
  	92	26.731466	1.794146	11.851543
  	93	26.570988	1.771874	12.006396
  	94	26.418819	1.763734	12.156864
  	95	26.277706	1.772607	12.291103
  	96	26.149637	1.799272	12.400567
  	97	26.034676	1.841569	12.481236
  	98	25.930355	1.894201	12.534145
  	99	25.831158	1.950029	12.564898
  	100	25.728497	2.002151	12.583057
  	101	25.611340	2.045945	12.601749
  	102	25.467356	2.079194	12.635670
  	103	25.283804	2.100880	12.698936
  	104	25.049957	2.110608	12.802452
  	105	24.758810	2.107768	12.951326
  	106	24.409149	2.092427	13.144090
  	107	24.005575	2.064959	13.372291
  	108	23.557560	2.026035	13.623055
  	109	23.076355	1.975852	13.881314
  	110	22.573093	1.914472	14.132037
  	111	22.058355	1.842471	14.360736
  	112	21.541599	1.761768	14.554195
  	113	21.031525	1.675343	14.702964
  	114	20.535715	1.587185	14.803082
  	115	20.060537	1.501151	14.856262
  	116	19.610439	1.420921	14.869534
  	117	19.187838	1.348758	14.851430
  	118	18.793051	1.284978	14.809278
  	119	18.425827	1.228442	14.746511
  	120	18.086420	1.178381	14.664394
  	121	17.775711	1.135035	14.565027
  	122	17.491590	1.097651	14.452873
  	123	17.227619	1.062810	14.338102
  	124	16.972244	1.024096	14.234317
  	125	16.713085	0.974667	14.154351
  	126	16.441313	0.910775	14.104845
  	127	16.153706	0.833262	14.085060
  	128	15.852123	0.746831	14.088350
  	129	15.539367	0.657306	14.106986
  	130	15.217957	0.570470	14.134964
  	131	14.888725	0.491232	14.168299
  	132	14.551594	0.423243	14.204374
  	133	14.205430	0.368793	14.241489
  	134	13.850261	0.328871	14.278096
  	135	13.487665	0.303313	14.312967
  	136	13.120506	0.290963	14.344630
  	137	12.752373	0.290096	14.370310
  	138	12.387017	0.299107	14.386793
  	139	12.026654	0.316474	14.390351
  	140	11.672208	0.341321	14.377917
  	141	11.323883	0.372534	14.347175
  	142	10.981827	0.408884	14.296418
  	143	10.645883	0.448570	14.225599
  	144	10.315153	0.489493	14.135512
  	145	9.989366	0.529571	14.028216
  	146	9.668461	0.566910	13.905988
  	147	9.353290	0.600038	13.770593
  	148	9.044633	0.628182	13.623832
  	149	8.743077	0.650903	13.466699
  	150	8.448761	0.668061	13.300605
  	151	8.161560	0.679608	13.126654
  	152	7.880553	0.685610	12.946320
  	153	7.604869	0.686057	12.761272
  	154	7.332968	0.681106	12.572893
  	155	7.063698	0.670995	12.382448
  	156	6.795548	0.655750	12.190581
  	157	6.527138	0.635535	11.997593
  	158	6.257097	0.610327	11.803199
  	159	5.984005	0.580261	11.607533
  	160	5.706250	0.545316	11.410210
  	161	5.422647	0.505618	11.210650
  	162	5.132277	0.461300	11.007659
  	163	4.834363	0.412821	10.799971
  	164	4.528343	0.361160	10.586396
  	165	4.213288	0.307679	10.366205
  	166	3.888618	0.254314	10.138632
  	167	3.554258	0.203188	9.902500
  	168	3.211121	0.156140	9.656721
  	169	2.859800	0.114331	9.400735
  	170	2.500603	0.078077	9.135987
  	171	2.133429	0.046673	8.864875
  	172	1.758612	0.019137	8.590969
  	173	1.376881	0.005205	8.317631
  	174	0.989912	0.026855	8.047647
  	175	0.600243	0.045733	7.784023
  	176	0.210965	0.061700	7.529823
  	177	0.174118	0.074297	7.287806
  	178	0.551088	0.082669	7.060165
  	179	0.915830	0.085425	6.848319
  	180	1.264367	0.080729	6.652956
  	181	1.592819	0.066484	6.473410
  	182	1.897979	0.040566	6.308540
  	183	2.176755	0.000952	6.155962
  	184	2.426864	0.054311	6.012628
  	185	2.645740	0.127168	5.875484
  	186	2.831706	0.219040	5.741696
  	187	2.982700	0.330723	5.610584
  	188	3.097642	0.461916	5.483274
  	189	3.175702	0.611293	5.363487
  	190	3.216689	0.777161	5.256557
  	191	3.220346	0.958071	5.168780
  	192	3.185684	1.153392	5.106345
  	193	3.111070	1.363311	5.074766
  	194	2.994186	1.588894	5.078776
  	195	2.832005	1.831664	5.121355
  	196	2.621196	2.092963	5.204036
  	197	2.357982	2.373494	5.326430
  	198	2.038889	2.672949	5.486273
  	199	1.661059	2.989772	5.679729
  	200	1.222812	3.321409	5.901620
  	201	0.723748	3.664138	6.145892
  	202	0.164798	4.013943	6.406327
  	203	0.451307	4.366344	6.676934
  	204	1.120533	4.716878	6.953012
  	205	1.837036	5.061163	7.230998
  	206	2.593792	5.394835	7.507905
  	207	3.383109	5.714061	7.781200
  	208	4.197397	6.015440	8.048251
  	209	5.029359	6.296381	8.306143
  	210	5.873137	6.555568	8.551105
  	211	6.723685	6.793279	8.779409
  	212	7.577225	7.011045	8.987032
  	213	8.430537	7.211998	9.170344
  	214	9.280501	7.399570	9.326862
  	215	10.123746	7.577212	9.455153
  	216	10.955865	7.747527	9.555976
  	217	11.772315	7.911806	9.632359
  	218	12.568208	8.069507	9.689637
  	219	13.339877	8.218791	9.734469
  	220	14.084628	8.357077	9.773638
  	221	14.801023	8.481680	9.812491
  	222	15.488297	8.589721	9.854348
  	223	16.146441	8.678442	9.900177
  	224	16.775360	8.744732	9.949065
  	225	17.375658	8.785247	9.998041
  	226	17.947708	8.796168	10.042098
  	227	18.491796	8.773535	10.075923
  	228	19.006407	8.713134	10.096342
  	229	19.488749	8.610703	10.102593
  	230	19.935692	8.462948	10.095596
  	231	20.347109	8.269404	10.073925
  	232	20.728416	8.034002	10.031489
  	233	21.088934	7.764458	9.958568
  	234	21.438568	7.470174	9.847512
  	235	21.783003	7.159691	9.697316
  	236	22.124279	6.840118	9.515952
  	237	22.462362	6.517822	9.317711
  	238	22.797791	6.198600	9.119360
  	239	23.131260	5.887058	8.936650
  	240	23.463556	5.586610	8.781957
  	241	23.794352	5.299087	8.663615
  	242	24.122761	5.025332	8.586015
  	243	24.446705	4.765327	8.550128
  	244	24.764290	4.519187	8.554217
  	245	25.073011	4.287225	8.594610
  	246	25.370270	4.069894	8.666213
  	247	25.653009	3.868046	8.763078
  	248	25.918108	3.682579	8.879229
  	249	26.162342	3.514030	9.008971
  	250	26.382547	3.362442	9.147367
  	251	26.576468	3.227388	9.289971
  	252	26.742018	3.108025	9.434155
  	253	26.877953	3.003165	9.578339
  	254	26.983860	2.911634	9.722646
  	255	27.060511	2.832071	9.868853
  	256	27.109884	2.762774	10.020309
  	257	27.135300	2.701254	10.181540
  	258	27.141193	2.644244	10.357857
  	259	27.132652	2.587663	10.554625
  	260	27.114954	2.527074	10.776659
  	261	27.093189	2.458099	11.027668
  	262	27.071283	2.377217	11.309636
  	263	27.052202	2.282593	11.621650
  	264	27.036852	2.174484	11.959578
  	265	27.025013	2.055830	12.314481
  	266	27.015099	1.932396	12.672965
  	267	27.005133	1.812374	13.016403
  	268	26.992489	1.705321	13.323566
  	269	26.974405	1.620353	13.572960
  	270	26.947775	1.564322	13.747300
  	271	26.908209	1.539547	13.837532
  	272	26.850046	1.543466	13.846387
  	273	26.766590	1.569453	13.788147
  	274	26.651094	1.609279	13.685221
  	275	26.497046	1.654465	13.564905
  	276	26.299091	1.697307	13.453927
  	277	26.052620	1.730973	13.375394
  	278	25.755358	1.749607	13.346272
  	279	25.407656	1.748911	13.376425
  	280	25.014090	1.726582	13.467898
  	281	24.582737	1.682809	13.615809
  	282	24.124908	1.619822	13.810085
  	283	23.653732	1.542081	14.037852
  	284	23.182459	1.455056	14.285391
  	285	22.722326	1.364394	14.539267
  	286	22.281649	1.274570	14.786115
  	287	21.865658	1.187987	15.011184
  	288	21.476086	1.105211	15.199766
  	289	21.113113	1.026529	15.339633
  	290	20.775501	0.952206	15.423127
  	291	20.460777	0.881280	15.447465
  	292	20.163038	0.810001	15.417130
  	293	19.874384	0.732874	15.344460
  	294	19.586514	0.644599	15.246000
  	295	19.294172	0.542367	15.138222
  	296	18.996380	0.426706	15.034477
  	297	18.697639	0.302020	14.942385
  	298	18.406881	0.175565	14.865004
  	299	18.134539	0.054727	14.803115
  	300	17.889072	0.054800	14.756783
  	301	17.677311	0.149522	14.725863
  	302	17.502855	0.228051	14.708735
