	Frame	X 	Y 	Z 
	1	0.149120	16.485167	13.674670
  	2	0.091543	16.607847	13.729822
  	3	0.353153	16.749838	13.792995
  	4	0.633269	16.914309	13.865593
  	5	0.929147	17.103706	13.947830
  	6	1.237418	17.319719	14.038973
  	7	1.554017	17.563330	14.137774
  	8	1.874258	17.835188	14.242597
  	9	2.193007	18.135345	14.351897
  	10	2.504838	18.463295	14.464172
  	11	2.804409	18.817772	14.578218
  	12	3.086591	19.196987	14.693163
  	13	3.346362	19.598442	14.807784
  	14	3.578445	20.019072	14.919905
  	15	3.777166	20.454994	15.026333
  	16	3.936147	20.901390	15.123130
  	17	4.048617	21.351772	15.206088
  	18	4.107219	21.798069	15.271049
  	19	4.104219	22.230747	15.313964
  	20	4.031482	22.640305	15.330806
  	21	3.880817	23.018208	15.317396
  	22	3.644154	23.357393	15.269723
  	23	3.313978	23.652283	15.184498
  	24	2.883780	23.898932	15.059476
  	25	2.348961	24.095266	14.893414
  	26	1.708154	24.241482	14.686478
  	27	0.964382	24.339857	14.440371
  	28	0.126388	24.395124	14.158701
  	29	0.790880	24.412741	13.846882
  	30	1.765939	24.397419	13.512205
  	31	2.771483	24.351107	13.163933
  	32	3.775017	24.272867	12.813437
  	33	4.740369	24.160097	12.474291
  	34	5.630063	24.011162	12.161803
  	35	6.409659	23.828180	11.891535
  	36	7.052143	23.619724	11.677152
  	37	7.540911	23.400957	11.528473
  	38	7.870681	23.189692	11.449569
  	39	8.046168	23.002218	11.438210
  	40	8.080121	22.849659	11.486856
  	41	7.990449	22.736956	11.584777
  	42	7.796655	22.664030	11.720447
  	43	7.517231	22.626509	11.883445
  	44	7.167557	22.617926	12.065674
  	45	6.760509	22.630943	12.260733
  	46	6.307740	22.658028	12.462634
  	47	5.820949	22.692221	12.664379
  	48	5.312922	22.727444	12.857935
  	49	4.796576	22.759813	13.034599
  	50	4.284239	22.787645	13.186480
  	51	3.787357	22.809999	13.307254
  	52	3.316294	22.824949	13.392406
  	53	2.880155	22.829599	13.440153
  	54	2.485717	22.821550	13.451391
  	55	2.137530	22.799595	13.429358
  	56	1.837725	22.764065	13.379748
  	57	1.586255	22.716457	13.309976
  	58	1.381205	22.659101	13.228914
  	59	1.219938	22.594608	13.145189
  	60	1.099951	22.524403	13.065404
  	61	1.019563	22.449593	12.993126
  	62	0.977414	22.371672	12.929014
  	63	0.972678	22.293922	12.871569
  	64	1.005430	22.221022	12.816966
  	65	1.077088	22.157681	12.759065
  	66	1.190848	22.108322	12.690805
  	67	1.351997	22.075562	12.605099
  	68	1.567651	22.060110	12.495240
  	69	1.845345	22.060894	12.355069
  	70	2.190939	22.075802	12.180316
  	71	2.607383	22.102755	11.968709
  	72	3.094224	22.140068	11.720160
  	73	3.647306	22.186462	11.436926
  	74	4.258858	22.239763	11.124614
  	75	4.916822	22.296682	10.792596
  	76	5.604774	22.353395	10.452697
  	77	6.302924	22.406418	10.116912
  	78	6.988993	22.453642	9.796878
  	79	7.640527	22.493938	9.502593
  	80	8.236552	22.527580	9.241393
  	81	8.759457	22.556482	9.017611
  	82	9.196112	22.583479	8.833680
  	83	9.538904	22.611719	8.691015
  	84	9.786283	22.643784	8.590236
  	85	9.942796	22.680885	8.531347
  	86	10.018365	22.722599	8.514346
  	87	10.027618	22.765905	8.539104
  	88	9.989020	22.804825	8.605659
  	89	9.923317	22.830830	8.714096
  	90	9.851988	22.833801	8.865216
  	91	9.795269	22.802700	9.060861
  	92	9.769986	22.727062	9.303136
  	93	9.787355	22.598410	9.593766
  	94	9.850237	22.412884	9.933399
  	95	9.951795	22.173384	10.321177
  	96	10.076094	21.891685	10.755511
  	97	10.201580	21.585745	11.235502
  	98	10.305618	21.273201	11.761363
  	99	10.368773	20.965832	12.333136
  	100	10.376758	20.668354	12.946902
  	101	10.321288	20.380596	13.590859
  	102	10.200413	20.101971	14.243058
  	103	10.019429	19.833012	14.872312
  	104	9.790671	19.575405	15.443628
  	105	9.530135	19.332010	15.926593
  	106	9.252209	19.107340	16.303232
  	107	8.966862	18.906372	16.570694
  	108	8.680260	18.732597	16.738445
  	109	8.396171	18.586254	16.822622
  	110	8.117465	18.464632	16.841774
  	111	7.846044	18.362635	16.814438
  	112	7.582550	18.274477	16.758461
  	113	7.326574	18.194813	16.690836
  	114	7.076902	18.118919	16.626755
  	115	6.832423	18.042795	16.578438
  	116	6.591953	17.963259	16.553904
  	117	6.354424	17.877792	16.556181
  	118	6.119023	17.784847	16.584576
  	119	5.885255	17.683756	16.635328
  	120	5.652954	17.574354	16.702919
  	121	5.422458	17.456856	16.780857
  	122	5.194198	17.332104	16.862694
  	123	4.968528	17.201490	16.942383
  	124	4.745750	17.067114	17.014969
  	125	4.525720	16.931824	17.077105
  	126	4.308428	16.798407	17.127636
  	127	4.093817	16.669449	17.167625
  	128	3.882077	16.546972	17.200090
  	129	3.673735	16.432352	17.228868
  	130	3.469263	16.326340	17.257954
  	131	3.269546	16.229208	17.290152
  	132	3.075436	16.140722	17.326653
  	133	2.887422	16.060364	17.366810
  	134	2.705593	15.987391	17.408384
  	135	2.529631	15.921152	17.447945
  	136	2.358534	15.861132	17.481916
  	137	2.192119	15.807160	17.507101
  	138	2.030718	15.759006	17.520426
  	139	1.875760	15.716288	17.519093
  	140	1.728664	15.678866	17.500597
  	141	1.590879	15.646925	17.463730
  	142	1.462961	15.621068	17.409052
  	143	1.344558	15.602198	17.338554
  	144	1.234358	15.591719	17.254549
  	145	1.130148	15.590974	17.159597
  	146	1.030417	15.600845	17.055979
  	147	0.934211	15.621143	16.945221
  	148	0.841877	15.650764	16.828505
  	149	0.754510	15.687485	16.706699
  	150	0.673475	15.728261	16.581028
  	151	0.599976	15.769457	16.453249
  	152	0.534336	15.807796	16.325956
  	153	0.475644	15.840755	16.201244
  	154	0.421994	15.866613	16.080950
  	155	0.370670	15.884821	15.966334
  	156	0.318439	15.895247	15.859032
  	157	0.261885	15.898087	15.761010
  	158	0.197786	15.894088	15.674654
  	159	0.123544	15.884665	15.601664
  	160	0.038430	15.872038	15.543144
  	161	0.056776	15.858523	15.498683
  	162	0.160084	15.846263	15.467139
  	163	0.268747	15.836880	15.446782
  	164	0.379669	15.831704	15.435243
  	165	0.489896	15.832572	15.429594
  	166	0.597450	15.841465	15.427218
  	167	0.701494	15.860553	15.425888
  	168	0.802786	15.891729	15.424332
  	169	0.902724	15.936083	15.421919
  	170	1.002686	15.994423	15.418628
  	171	1.103866	16.067673	15.414675
  	172	1.207113	16.156494	15.410326
  	173	1.313625	16.261545	15.406358
  	174	1.424468	16.382994	15.403735
  	175	1.541196	16.521204	15.403586
  	176	1.665624	16.676720	15.407404
  	177	1.799813	16.849846	15.417134
  	178	1.946533	17.040411	15.435213
  	179	2.108390	17.247072	15.464020
  	180	2.287212	17.467838	15.505855
  	181	2.483819	17.701202	15.562568
  	182	2.697249	17.947094	15.635001
  	183	2.924777	18.206673	15.722666
  	184	3.162392	18.481709	15.824249
  	185	3.405342	18.773701	15.937724
  	186	3.648031	19.083815	16.060589
  	187	3.884033	19.412271	16.189259
  	188	4.106443	19.758427	16.319681
  	189	4.307376	20.120157	16.447002
  	190	4.479091	20.494013	16.566664
  	191	4.613615	20.874899	16.674236
  	192	4.702979	21.256666	16.765581
  	193	4.739641	21.632826	16.837399
  	194	4.715952	21.996836	16.886425
  	195	4.624262	22.342392	16.909756
  	196	4.456521	22.663385	16.904449
  	197	4.204877	22.954161	16.867670
  	198	3.862320	23.208876	16.796867
  	199	3.423094	23.421970	16.690144
  	200	2.884341	23.588951	16.546581
  	201	2.246325	23.706343	16.366346
  	202	1.513027	23.771669	16.150377
  	203	0.692413	23.782999	15.899864
  	204	0.202650	23.740330	15.616614
  	205	1.153912	23.645508	15.303658
  	206	2.137809	23.502533	14.966031
  	207	3.125345	23.317606	14.612165
  	208	4.083506	23.099401	14.254149
  	209	4.978813	22.859150	13.906395
  	210	5.781350	22.610762	13.583314
  	211	6.468160	22.369099	13.296759
  	212	7.025553	22.148804	13.054574
  	213	7.447880	21.962927	12.860453
  	214	7.736324	21.822912	12.715005
  	215	7.898818	21.736565	12.616881
  	216	7.948738	21.704689	12.563731
  	217	7.902424	21.720932	12.552848
  	218	7.775885	21.774712	12.581076
  	219	7.584021	21.852011	12.643767
  	220	7.339292	21.938889	12.734257
  	221	7.051376	22.024748	12.843914
  	222	6.728126	22.104219	12.963256
  	223	6.376376	22.174351	13.082895
  	224	6.002663	22.234026	13.194761
  	225	5.613948	22.282511	13.292922
  	226	5.215741	22.321526	13.373711
  	227	4.812904	22.354889	13.435464
  	228	4.409733	22.386971	13.477550
  	229	4.011746	22.420156	13.499435
  	230	3.625993	22.454374	13.500775
  	231	3.260167	22.487911	13.482340
  	232	2.922302	22.517738	13.446331
  	233	2.619622	22.540556	13.396166
  	234	2.357780	22.553616	13.336748
  	235	2.139992	22.556372	13.274056
  	236	1.966592	22.550362	13.213766
  	237	1.837135	22.537193	13.159287
  	238	1.751648	22.518627	13.110437
  	239	1.710265	22.496475	13.064808
  	240	1.714021	22.472084	13.018844
  	241	1.764792	22.446480	12.968692
  	242	1.864223	22.421793	12.908995
  	243	2.013040	22.402262	12.832011
  	244	2.209859	22.394258	12.728533
  	245	2.451720	22.403681	12.591020
  	246	2.735233	22.433468	12.416698
  	247	3.057830	22.481798	12.208526
  	248	3.417884	22.541555	11.973999
  	249	3.812817	22.602358	11.723659
  	250	4.238920	22.652920	11.468453
  	251	4.691495	22.682583	11.217292
  	252	5.165078	22.682394	10.974951
  	253	5.654297	22.645769	10.742214
  	254	6.153965	22.568434	10.517924
  	255	6.658376	22.448952	10.300734
  	256	7.162165	22.289532	10.089708
  	257	7.660183	22.096846	9.883934
  	258	8.148432	21.881989	9.682748
  	259	8.623512	21.658249	9.486444
  	260	9.082513	21.438496	9.296875
  	261	9.523335	21.233067	9.117618
  	262	9.944262	21.047661	8.953906
  	263	10.343282	20.882515	8.813140
  	264	10.717124	20.732458	8.706480
  	265	11.059784	20.587774	8.648617
  	266	11.362919	20.435698	8.656595
  	267	11.615623	20.262817	8.748871
  	268	11.805420	20.058226	8.942871
  	269	11.920438	19.816965	9.252980
  	270	11.951715	19.543100	9.688000
  	271	11.894722	19.250731	10.248614
  	272	11.749519	18.960361	10.926196
  	273	11.519604	18.691357	11.701688
  	274	11.212523	18.453733	12.544706
  	275	10.839707	18.246157	13.414109
  	276	10.417798	18.059629	14.260058
  	277	9.967257	17.884563	15.030398
  	278	9.510358	17.714897	15.678734
  	279	9.067023	17.549658	16.172987
  	280	8.652184	17.391291	16.500044
  	281	8.273922	17.243444	16.664303
  	282	7.934570	17.109440	16.683928
  	283	7.632659	16.991064	16.586416
  	284	7.363605	16.889040	16.405436
  	285	7.122099	16.801485	16.176891
  	286	6.901524	16.726118	15.936056
  	287	6.696249	16.659515	15.713470
  	288	6.500679	16.598614	15.531754
  	289	6.310922	16.540586	15.404040
  	290	6.125000	16.483345	15.333368
  	291	5.942149	16.425695	15.314307
  	292	5.763401	16.367224	15.334938
  	293	5.590412	16.308064	15.380674
  	294	5.425520	16.248041	15.437044
  	295	5.271420	16.187460	15.492179
  	296	5.130194	16.126381	15.538001
  	297	5.004123	16.065313	15.570340
  	298	4.894547	16.004974	15.588716
  	299	4.802155	15.946349	15.595549
  	300	4.726914	15.890921	15.594797
  	301	4.668064	15.839947	15.589913
  	302	4.624067	15.794379	15.583193
