	Frame	X 	Y 	Z 
	1	8.103337	3.093983	0.510900
  	2	8.245087	3.032164	0.537183
  	3	8.410739	2.965433	0.550205
  	4	8.604554	2.893397	0.545077
  	5	8.830791	2.816553	0.519854
  	6	9.093390	2.735808	0.474918
  	7	9.395738	2.652299	0.412615
  	8	9.740557	2.567308	0.336898
  	9	10.130391	2.482478	0.252207
  	10	10.567712	2.399942	0.163293
  	11	11.055178	2.322440	0.074189
  	12	11.595741	2.253262	0.012481
  	13	12.192635	2.195790	0.095954
  	14	12.849116	2.153049	0.177165
  	15	13.568700	2.126865	0.258368
  	16	14.354735	2.117727	0.342669
  	17	15.211132	2.124992	0.433967
  	18	16.142185	2.146801	0.535973
  	19	17.152740	2.180279	0.651800
  	20	18.248196	2.221957	0.782640
  	21	19.434132	2.267814	0.927648
  	22	20.715830	2.313050	1.084221
  	23	22.097425	2.352070	1.248650
  	24	23.581026	2.378146	1.416926
  	25	25.166344	2.383625	1.584363
  	26	26.850100	2.360256	1.746376
  	27	28.626059	2.299928	1.898646
  	28	30.485439	2.195436	2.036965
  	29	32.416672	2.041321	2.158486
  	30	34.405872	1.834667	2.262239
  	31	36.437191	1.575159	2.350036
  	32	38.492981	1.265640	2.426507
  	33	40.554169	0.911944	2.499714
  	34	42.600868	0.523129	2.580053
  	35	44.612598	0.111070	2.678708
  	36	46.568783	0.310244	2.805488
  	37	48.448921	0.726250	2.966737
  	38	50.233253	1.122909	3.163432
  	39	51.903248	1.488333	3.391145
  	40	53.441967	1.813589	3.641269
  	41	54.834141	2.093542	3.903031
  	42	56.067013	2.326731	4.165030
  	43	57.130844	2.514376	4.416918
  	44	58.019089	2.659400	4.650346
  	45	58.728405	2.765697	4.858917
  	46	59.258408	2.837126	5.037142
  	47	59.611420	2.877712	5.179656
  	48	59.792336	2.890932	5.280779
  	49	59.808483	2.879308	5.334417
  	50	59.669456	2.843415	5.335199
  	51	59.386562	2.781734	5.279207
  	52	58.973274	2.689364	5.164199
  	53	58.444077	2.559322	4.990050
  	54	57.811657	2.387045	4.758171
  	55	57.084885	2.173103	4.471110
  	56	56.268875	1.922827	4.133007
  	57	55.367191	1.644278	3.749531
  	58	54.383808	1.347543	3.329044
  	59	53.324055	1.043907	2.882324
  	60	52.194946	0.744529	2.421221
  	61	51.004246	0.459707	1.957457
  	62	49.760502	0.198546	1.502079
  	63	48.472443	0.031403	1.065312
  	64	47.148628	0.224489	0.655674
  	65	45.797485	0.377059	0.279210
  	66	44.425804	0.488016	0.060631
  	67	43.038841	0.558964	0.362833
  	68	41.640018	0.593836	0.629756
  	69	40.232464	0.598175	0.868452
  	70	38.818958	0.576916	1.090069
  	71	37.401203	0.533234	1.308279
  	72	35.979584	0.467605	1.536215
  	73	34.553223	0.379610	1.784403
  	74	33.120655	0.269824	2.058707
  	75	31.681467	0.141308	2.359780
  	76	30.238064	0.000344	2.682963
  	77	28.796446	0.147219	3.019389
  	78	27.366804	0.289926	3.357790
  	79	25.961842	0.418976	3.687950
  	80	24.596714	0.527092	4.003206
  	81	23.287924	0.610448	4.299232
  	82	22.052174	0.668209	4.572053
  	83	20.905012	0.702370	4.815958
  	84	19.860540	0.717040	5.022954
  	85	18.930414	0.718028	5.182264
  	86	18.124161	0.712874	5.280631
  	87	17.448586	0.709400	5.303571
  	88	16.907030	0.714937	5.236931
  	89	16.499973	0.735210	5.069002
  	90	16.224354	0.773566	4.792490
  	91	16.074484	0.830364	4.406543
  	92	16.042772	0.902327	3.918535
  	93	16.120167	0.983080	3.343558
  	94	16.296318	1.064064	2.702355
  	95	16.559126	1.136002	2.018527
  	96	16.894150	1.190554	1.314233
  	97	17.284382	1.221545	0.606752
  	98	17.711470	1.226069	0.093628
  	99	18.156942	1.204847	0.783319
  	100	18.603422	1.162081	1.462126
  	101	19.035088	1.104396	2.129562
  	102	19.437452	1.040460	2.780570
  	103	19.796453	0.980316	3.403615
  	104	20.099625	0.933965	3.982157
  	105	20.337147	0.909538	4.498610
  	106	20.504906	0.911324	4.939836
  	107	20.604517	0.938926	5.298822
  	108	20.642591	0.988252	5.574941
  	109	20.627985	1.052947	5.772022
  	110	20.569481	1.125391	5.897149
  	111	20.475998	1.197100	5.958785
  	112	20.356220	1.258814	5.966183
  	113	20.218752	1.302155	5.930562
  	114	20.071619	1.320439	5.865266
  	115	19.921638	1.309344	5.784831
  	116	19.774220	1.266915	5.703830
  	117	19.633451	1.193180	5.632661
  	118	19.501534	1.090180	5.576298
  	119	19.380362	0.961135	5.532753
  	120	19.272625	0.809405	5.496392
  	121	19.181707	0.638894	5.461975
  	122	19.108152	0.454978	5.426709
  	123	19.048077	0.266285	5.392920
  	124	18.992245	0.084037	5.367039
  	125	18.930561	0.080546	5.356678
  	126	18.856319	0.220468	5.367205
  	127	18.768370	0.334197	5.400565
  	128	18.670084	0.425012	5.455704
  	129	18.565006	0.497957	5.530974
  	130	18.455811	0.558110	5.625891
  	131	18.342594	0.609940	5.740759
  	132	18.224222	0.657027	5.875152
  	133	18.098957	0.702011	6.026967
  	134	17.966475	0.746457	6.191460
  	135	17.827808	0.791130	6.361988
  	136	17.685364	0.836223	6.530787
  	137	17.540844	0.882163	6.689142
  	138	17.395836	0.929714	6.828360
  	139	17.249720	0.980435	6.939901
  	140	17.101313	1.036383	7.016876
  	141	16.948820	1.098982	7.054673
  	142	16.791222	1.168972	7.051403
  	143	16.627954	1.245977	7.008309
  	144	16.458529	1.328775	6.928122
  	145	16.283916	1.415320	6.815409
  	146	16.104816	1.503777	6.674797
  	147	15.922489	1.592702	6.510317
  	148	15.737461	1.681654	6.325693
  	149	15.549976	1.770846	6.123985
  	150	15.359950	1.860783	5.908896
  	151	15.167260	1.951913	5.684168
  	152	14.971324	2.044595	5.454312
  	153	14.772395	2.138488	5.222903
  	154	14.570518	2.232800	4.992422
  	155	14.366697	2.326082	4.764274
  	156	14.161805	2.416556	4.539108
  	157	13.956549	2.502713	4.317324
  	158	13.751301	2.583269	4.098606
  	159	13.546612	2.657116	3.883000
  	160	13.342327	2.723328	3.670231
  	161	13.138559	2.781208	3.459767
  	162	12.934899	2.830261	3.250968
  	163	12.730604	2.870145	3.042906
  	164	12.524908	2.900376	2.833932
  	165	12.316935	2.920207	2.622210
  	166	12.107059	2.929276	2.406628
  	167	11.896152	2.928135	2.186666
  	168	11.686452	2.917637	1.962932
  	169	11.479879	2.898769	1.736307
  	170	11.277966	2.871961	1.508675
  	171	11.081670	2.837059	1.281484
  	172	10.891868	2.793707	1.056761
  	173	10.709647	2.741884	0.836558
  	174	10.536267	2.682073	0.622852
  	175	10.374070	2.615008	0.418541
  	176	10.226062	2.541403	0.227106
  	177	10.096372	2.462105	0.052510
  	178	9.990529	2.378438	0.101154
  	179	9.915082	2.292495	0.230342
  	180	9.876918	2.206658	0.332477
  	181	9.883097	2.123196	0.406918
  	182	9.939540	2.043705	0.454657
  	183	10.051716	1.969410	0.479329
  	184	10.224129	1.901136	0.485806
  	185	10.461495	1.839732	0.479145
  	186	10.767534	1.786203	0.464186
  	187	11.146255	1.741602	0.444264
  	188	11.601238	1.707088	0.421242
  	189	12.136070	1.683257	0.395128
  	190	12.754362	1.670299	0.363937
  	191	13.459616	1.667919	0.324733
  	192	14.255197	1.675568	0.274323
  	193	15.144220	1.692135	0.209340
  	194	16.129511	1.716049	0.126940
  	195	17.213564	1.745076	0.025343
  	196	18.397911	1.776363	0.095717
  	197	19.683575	1.806301	0.234515
  	198	21.070667	1.830596	0.387365
  	199	22.557966	1.844381	0.549028
  	200	24.143225	1.842409	0.713240
  	201	25.822626	1.819269	0.873123
  	202	27.590958	1.769934	1.022381
  	203	29.440796	1.690007	1.155483
  	204	31.363071	1.575352	1.269465
  	205	33.346149	1.422546	1.364459
  	206	35.376068	1.229316	1.444021
  	207	37.436668	0.995113	1.515960
  	208	39.510208	0.721446	1.591711
  	209	41.576969	0.412554	1.684849
  	210	43.616501	0.075930	1.808357
  	211	45.607594	0.278145	1.972549
  	212	47.529247	0.636472	2.182420
  	213	49.361954	0.984055	2.438000
  	214	51.087780	1.306176	2.735123
  	215	52.690605	1.590045	3.066800
  	216	54.156124	1.826799	3.424628
  	217	55.472630	2.012455	3.798608
  	218	56.631111	2.147673	4.176927
  	219	57.625473	2.236428	4.545965
  	220	58.452507	2.284871	4.890839
  	221	59.111660	2.299902	5.196656
  	222	59.604507	2.288335	5.449939
  	223	59.934479	2.256160	5.640428
  	224	60.105728	2.208638	5.761989
  	225	60.123013	2.149596	5.812963
  	226	59.991730	2.081226	5.795216
  	227	59.717319	2.004760	5.713432
  	228	59.303658	1.922226	5.574905
  	229	58.753330	1.836403	5.387794
  	230	58.068546	1.750084	5.160871
  	231	57.254723	1.662352	4.902336
  	232	56.323006	1.566639	4.618969
  	233	55.288807	1.452131	4.315713
  	234	54.168121	1.309663	3.997447
  	235	52.972279	1.136064	3.669924
  	236	51.709457	0.936413	3.340800
  	237	50.386414	0.721371	3.019022
  	238	49.010754	0.503693	2.712102
  	239	47.590889	0.295976	2.424934
  	240	46.134415	0.107997	2.158924
  	241	44.646397	0.054001	1.911656
  	242	43.131863	0.186741	1.675129
  	243	41.595669	0.288628	1.435462
  	244	40.044624	0.359107	1.174698
  	245	38.485382	0.399117	0.874515
  	246	36.923767	0.412001	0.519764
  	247	35.363556	0.404057	0.100875
  	248	33.807510	0.383221	0.385966
  	249	32.259300	0.356752	0.939829
  	250	30.723742	0.330231	1.555465
  	251	29.207371	0.307795	2.223297
  	252	27.717979	0.292521	2.929467
  	253	26.264399	0.287150	3.657319
  	254	24.856287	0.294208	4.386892
  	255	23.504892	0.315266	5.095747
  	256	22.222630	0.349882	5.760032
  	257	21.023924	0.394254	6.356572
  	258	19.924280	0.441184	6.863465
  	259	18.940207	0.481000	7.260936
  	260	18.088024	0.502683	7.531400
  	261	17.382286	0.494927	7.660113
  	262	16.834274	0.447790	7.636205
  	263	16.451244	0.354336	7.453673
  	264	16.234337	0.212013	7.110771
  	265	16.179796	0.023680	6.612301
  	266	16.277534	0.201760	5.970317
  	267	16.512465	0.449138	5.205858
  	268	16.864635	0.698085	4.347652
  	269	17.309959	0.925220	3.430282
  	270	17.821768	1.108054	2.489460
  	271	18.371956	1.229199	1.556929
  	272	18.933842	1.280011	0.655793
  	273	19.484831	1.261710	0.200125
  	274	20.007540	1.183831	1.002356
  	275	20.489315	1.062533	1.743682
  	276	20.920404	0.917140	2.412407
  	277	21.292154	0.767539	2.992084
  	278	21.597128	0.631732	3.464921
  	279	21.829861	0.523272	3.818417
  	280	21.989088	0.449951	4.049688
  	281	22.078861	0.413669	4.166591
  	282	22.108084	0.411202	4.185606
  	283	22.088533	0.435049	4.129668
  	284	22.032993	0.474689	4.025809
  	285	21.952183	0.517987	3.902273
  	286	21.854574	0.553321	3.784902
  	287	21.745256	0.570568	3.692011
  	288	21.627329	0.562227	3.632520
  	289	21.503319	0.523130	3.607368
  	290	21.375340	0.451135	3.610775
  	291	21.244965	0.348225	3.632341
  	292	21.109503	0.221801	3.660590
  	293	20.963831	0.083862	3.687638
  	294	20.801647	0.052390	3.709681
  	295	20.619293	0.175733	3.725600
  	296	20.417629	0.278595	3.735927
  	297	20.202539	0.358311	3.740812
  	298	19.984631	0.416040	3.740481
  	299	19.775440	0.454322	3.736466
  	300	19.583849	0.476027	3.731121
  	301	19.416761	0.483834	3.727015
  	302	19.277870	0.481383	3.725269
