	Frame	X	Y	Z	Reliability
	1	0.379328	0.398388	0.083152	0.000000
  	2	0.380145	0.398310	0.083440	0.000000
  	3	0.380718	0.398237	0.083765	0.000000
  	4	0.381118	0.398174	0.084133	0.000000
  	5	0.381406	0.398128	0.084550	0.000000
  	6	0.381631	0.398102	0.085026	0.000000
  	7	0.381834	0.398099	0.085571	0.000000
  	8	0.382045	0.398119	0.086199	0.000000
  	9	0.382289	0.398159	0.086924	0.000000
  	10	0.382583	0.398218	0.087762	0.000000
  	11	0.382945	0.398289	0.088729	0.000000
  	12	0.383386	0.398367	0.089841	0.000000
  	13	0.383920	0.398450	0.091111	0.000000
  	14	0.384556	0.398536	0.092556	0.000000
  	15	0.385305	0.398627	0.094189	0.000000
  	16	0.386178	0.398727	0.096023	0.000000
  	17	0.387187	0.398841	0.098070	0.000000
  	18	0.388349	0.398974	0.100342	0.000000
  	19	0.389681	0.399129	0.102850	0.000000
  	20	0.391207	0.399307	0.105605	0.000000
  	21	0.392953	0.399507	0.108615	0.000000
  	22	0.394949	0.399723	0.111889	0.000000
  	23	0.397224	0.399951	0.115433	0.000000
  	24	0.399812	0.400183	0.119252	0.000000
  	25	0.402743	0.400413	0.123346	0.000000
  	26	0.406047	0.400635	0.127715	0.000000
  	27	0.409746	0.400847	0.132349	0.000000
  	28	0.413859	0.401046	0.137237	0.000000
  	29	0.418398	0.401233	0.142358	0.000000
  	30	0.423362	0.401412	0.147688	0.000000
  	31	0.428747	0.401588	0.153193	0.000000
  	32	0.434535	0.401770	0.158836	0.000000
  	33	0.440706	0.401968	0.164569	0.000000
  	34	0.447238	0.402189	0.170336	0.000000
  	35	0.454110	0.402439	0.176070	0.000000
  	36	0.461309	0.402716	0.181695	0.000000
  	37	0.468831	0.403017	0.187128	0.000000
  	38	0.476679	0.403333	0.192280	0.000000
  	39	0.484862	0.403655	0.197061	0.000000
  	40	0.493390	0.403973	0.201386	0.000000
  	41	0.502276	0.404280	0.205177	0.000000
  	42	0.511528	0.404569	0.208368	0.000000
  	43	0.521149	0.404838	0.210907	0.000000
  	44	0.531139	0.405084	0.212758	0.000000
  	45	0.541494	0.405308	0.213901	0.000000
  	46	0.552207	0.405512	0.214328	0.000000
  	47	0.563268	0.405702	0.214046	0.000000
  	48	0.574671	0.405886	0.213074	0.000000
  	49	0.586408	0.406072	0.211441	0.000000
  	50	0.598473	0.406272	0.209184	0.000000
  	51	0.610861	0.406495	0.206349	0.000000
  	52	0.623569	0.406750	0.202984	0.000000
  	53	0.636590	0.407042	0.199144	0.000000
  	54	0.649921	0.407372	0.194887	0.000000
  	55	0.663555	0.407737	0.190268	0.000000
  	56	0.677485	0.408133	0.185346	0.000000
  	57	0.691703	0.408550	0.180179	0.000000
  	58	0.706204	0.408977	0.174821	0.000000
  	59	0.720977	0.409402	0.169329	0.000000
  	60	0.736012	0.409820	0.163756	0.000000
  	61	0.751299	0.410227	0.158154	0.000000
  	62	0.766820	0.410624	0.152570	0.000000
  	63	0.782558	0.411017	0.147048	0.000000
  	64	0.798494	0.411411	0.141629	0.000000
  	65	0.814607	0.411814	0.136350	0.000000
  	66	0.830873	0.412236	0.131246	0.000000
  	67	0.847266	0.412690	0.126345	0.000000
  	68	0.863752	0.413189	0.121676	0.000000
  	69	0.880299	0.413746	0.117257	0.000000
  	70	0.896874	0.414369	0.113106	0.000000
  	71	0.913444	0.415058	0.109231	0.000000
  	72	0.929972	0.415815	0.105637	0.000000
  	73	0.946415	0.416635	0.102326	0.000000
  	74	0.962723	0.417512	0.099298	0.000000
  	75	0.978843	0.418438	0.096549	0.000000
  	76	0.994714	0.419400	0.094070	0.000000
  	77	1.010274	0.420381	0.091847	0.000000
  	78	1.025452	0.421368	0.089864	0.000000
  	79	1.040176	0.422343	0.088099	0.000000
  	80	1.054367	0.423290	0.086532	0.000000
  	81	1.067951	0.424196	0.085136	0.000000
  	82	1.080854	0.425045	0.083887	0.000000
  	83	1.093009	0.425828	0.082757	0.000000
  	84	1.104354	0.426536	0.081722	0.000000
  	85	1.114839	0.427163	0.080761	0.000000
  	86	1.124421	0.427709	0.079857	0.000000
  	87	1.133074	0.428176	0.078997	0.000000
  	88	1.140784	0.428567	0.078175	0.000000
  	89	1.147553	0.428888	0.077392	0.000000
  	90	1.153404	0.429146	0.076654	0.000000
  	91	1.158376	0.429345	0.075972	0.000000
  	92	1.162527	0.429493	0.075361	0.000000
  	93	1.165933	0.429595	0.074838	0.000000
  	94	1.168689	0.429662	0.074415	0.000000
  	95	1.170902	0.429705	0.074103	0.000000
  	96	1.172689	0.429740	0.073903	0.000000
  	97	1.174163	0.429786	0.073810	0.000000
  	98	1.175419	0.429861	0.073816	0.000000
  	99	1.176526	0.429974	0.073906	0.000000
  	100	1.177524	0.430127	0.074063	0.000000
  	101	1.178429	0.430311	0.074266	0.000000
  	102	1.179242	0.430508	0.074495	0.000000
  	103	1.179963	0.430699	0.074732	0.000000
  	104	1.180594	0.430867	0.074963	0.000000
  	105	1.181141	0.431004	0.075181	0.000000
  	106	1.181615	0.431106	0.075380	0.000000
  	107	1.182020	0.431174	0.075557	0.000000
  	108	1.182365	0.431211	0.075713	0.000000
  	109	1.182655	0.431222	0.075847	0.000000
  	110	1.182896	0.431215	0.075962	0.000000
  	111	1.183093	0.431196	0.076062	0.000000
  	112	1.183253	0.431172	0.076149	0.000000
  	113	1.183381	0.431148	0.076227	0.000000
  	114	1.183482	0.431128	0.076296	0.000000
  	115	1.183561	0.431114	0.076360	0.000000
  	116	1.183625	0.431106	0.076420	0.000000
  	117	1.183677	0.431103	0.076477	0.000000
  	118	1.183721	0.431106	0.076533	0.000000
  	119	1.183760	0.431111	0.076588	0.000000
  	120	1.183798	0.431117	0.076644	0.000000
  	121	1.183837	0.431121	0.076702	0.000000
  	122	1.183878	0.431122	0.076762	0.000000
  	123	1.183924	0.431117	0.076826	0.000000
  	124	1.183974	0.431107	0.076894	0.000000
  	125	1.184029	0.431092	0.076968	0.000000
  	126	1.184086	0.431074	0.077048	0.000000
  	127	1.184146	0.431056	0.077136	0.000000
  	128	1.184206	0.431039	0.077233	0.000000
  	129	1.184268	0.431025	0.077338	0.000000
  	130	1.184332	0.431011	0.077450	0.000000
  	131	1.184399	0.430998	0.077567	0.000000
  	132	1.184470	0.430983	0.077688	0.000000
  	133	1.184544	0.430968	0.077811	0.000000
  	134	1.184622	0.430950	0.077932	0.000000
  	135	1.184703	0.430929	0.078051	0.000000
  	136	1.184785	0.430906	0.078166	0.000000
  	137	1.184869	0.430880	0.078275	0.000000
  	138	1.184951	0.430851	0.078378	0.000000
  	139	1.185031	0.430820	0.078475	0.000000
  	140	1.185109	0.430788	0.078566	0.000000
  	141	1.185183	0.430755	0.078653	0.000000
  	142	1.185254	0.430723	0.078735	0.000000
  	143	1.185321	0.430693	0.078817	0.000000
  	144	1.185388	0.430665	0.078899	0.000000
  	145	1.185453	0.430642	0.078983	0.000000
  	146	1.185519	0.430624	0.079071	0.000000
  	147	1.185586	0.430613	0.079164	0.000000
  	148	1.185657	0.430609	0.079265	0.000000
  	149	1.185731	0.430612	0.079375	0.000000
  	150	1.185808	0.430624	0.079494	0.000000
  	151	1.185890	0.430642	0.079623	0.000000
  	152	1.185974	0.430667	0.079762	0.000000
  	153	1.186059	0.430696	0.079908	0.000000
  	154	1.186144	0.430725	0.080059	0.000000
  	155	1.186228	0.430752	0.080211	0.000000
  	156	1.186310	0.430772	0.080359	0.000000
  	157	1.186390	0.430780	0.080499	0.000000
  	158	1.186468	0.430771	0.080626	0.000000
  	159	1.186544	0.430742	0.080738	0.000000
  	160	1.186619	0.430692	0.080833	0.000000
  	161	1.186695	0.430624	0.080915	0.000000
  	162	1.186773	0.430543	0.080989	0.000000
  	163	1.186856	0.430455	0.081058	0.000000
  	164	1.186946	0.430362	0.081127	0.000000
  	165	1.187041	0.430267	0.081200	0.000000
  	166	1.187144	0.430171	0.081278	0.000000
  	167	1.187254	0.430078	0.081367	0.000000
  	168	1.187371	0.429987	0.081468	0.000000
  	169	1.187495	0.429899	0.081584	0.000000
  	170	1.187626	0.429813	0.081716	0.000000
  	171	1.187765	0.429728	0.081864	0.000000
  	172	1.187912	0.429643	0.082029	0.000000
  	173	1.188066	0.429556	0.082210	0.000000
  	174	1.188230	0.429465	0.082407	0.000000
  	175	1.188403	0.429368	0.082621	0.000000
  	176	1.188586	0.429264	0.082852	0.000000
  	177	1.188780	0.429150	0.083103	0.000000
  	178	1.188987	0.429026	0.083378	0.000000
  	179	1.189209	0.428891	0.083683	0.000000
  	180	1.189449	0.428742	0.084027	0.000000
  	181	1.189713	0.428578	0.084419	0.000000
  	182	1.190004	0.428396	0.084873	0.000000
  	183	1.190330	0.428192	0.085403	0.000000
  	184	1.190700	0.427963	0.086027	0.000000
  	185	1.191122	0.427704	0.086761	0.000000
  	186	1.191606	0.427413	0.087624	0.000000
  	187	1.192163	0.427089	0.088634	0.000000
  	188	1.192805	0.426736	0.089812	0.000000
  	189	1.193543	0.426358	0.091173	0.000000
  	190	1.194390	0.425962	0.092736	0.000000
  	191	1.195359	0.425557	0.094514	0.000000
  	192	1.196469	0.425152	0.096521	0.000000
  	193	1.197736	0.424753	0.098767	0.000000
  	194	1.199181	0.424371	0.101260	0.000000
  	195	1.200827	0.424011	0.104010	0.000000
  	196	1.202698	0.423681	0.107025	0.000000
  	197	1.204818	0.423387	0.110308	0.000000
  	198	1.207214	0.423133	0.113866	0.000000
  	199	1.209913	0.422920	0.117698	0.000000
  	200	1.212940	0.422749	0.121801	0.000000
  	201	1.216316	0.422618	0.126169	0.000000
  	202	1.220059	0.422526	0.130791	0.000000
  	203	1.224183	0.422475	0.135653	0.000000
  	204	1.228693	0.422465	0.140736	0.000000
  	205	1.233585	0.422501	0.146018	0.000000
  	206	1.238851	0.422590	0.151470	0.000000
  	207	1.244477	0.422738	0.157061	0.000000
  	208	1.250445	0.422947	0.162747	0.000000
  	209	1.256741	0.423217	0.168478	0.000000
  	210	1.263354	0.423543	0.174193	0.000000
  	211	1.270282	0.423917	0.179822	0.000000
  	212	1.277527	0.424324	0.185288	0.000000
  	213	1.285100	0.424750	0.190505	0.000000
  	214	1.293012	0.425178	0.195388	0.000000
  	215	1.301274	0.425591	0.199852	0.000000
  	216	1.309900	0.425973	0.203821	0.000000
  	217	1.318896	0.426306	0.207224	0.000000
  	218	1.328268	0.426579	0.210005	0.000000
  	219	1.338015	0.426780	0.212118	0.000000
  	220	1.348132	0.426903	0.213532	0.000000
  	221	1.358611	0.426948	0.214229	0.000000
  	222	1.369443	0.426920	0.214207	0.000000
  	223	1.380616	0.426831	0.213474	0.000000
  	224	1.392120	0.426694	0.212051	0.000000
  	225	1.403948	0.426529	0.209970	0.000000
  	226	1.416090	0.426355	0.207272	0.000000
  	227	1.428541	0.426192	0.204004	0.000000
  	228	1.441293	0.426061	0.200221	0.000000
  	229	1.454339	0.425979	0.195978	0.000000
  	230	1.467674	0.425958	0.191335	0.000000
  	231	1.481292	0.426007	0.186352	0.000000
  	232	1.495187	0.426125	0.181088	0.000000
  	233	1.509353	0.426309	0.175600	0.000000
  	234	1.523783	0.426549	0.169945	0.000000
  	235	1.538474	0.426830	0.164172	0.000000
  	236	1.553420	0.427138	0.158326	0.000000
  	237	1.568616	0.427457	0.152453	0.000000
  	238	1.584056	0.427777	0.146595	0.000000
  	239	1.599732	0.428087	0.140795	0.000000
  	240	1.615632	0.428380	0.135093	0.000000
  	241	1.631744	0.428646	0.129530	0.000000
  	242	1.648049	0.428882	0.124142	0.000000
  	243	1.664522	0.429081	0.118965	0.000000
  	244	1.681133	0.429242	0.114029	0.000000
  	245	1.697846	0.429359	0.109356	0.000000
  	246	1.714623	0.429428	0.104964	0.000000
  	247	1.731419	0.429442	0.100869	0.000000
  	248	1.748189	0.429394	0.097081	0.000000
  	249	1.764885	0.429275	0.093607	0.000000
  	250	1.781457	0.429075	0.090449	0.000000
  	251	1.797844	0.428790	0.087608	0.000000
  	252	1.813976	0.428424	0.085079	0.000000
  	253	1.829769	0.427988	0.082855	0.000000
  	254	1.845135	0.427498	0.080924	0.000000
  	255	1.859982	0.426972	0.079271	0.000000
  	256	1.874217	0.426426	0.077873	0.000000
  	257	1.887751	0.425878	0.076706	0.000000
  	258	1.900497	0.425343	0.075745	0.000000
  	259	1.912371	0.424834	0.074963	0.000000
  	260	1.923302	0.424364	0.074333	0.000000
  	261	1.933224	0.423944	0.073830	0.000000
  	262	1.942090	0.423586	0.073430	0.000000
  	263	1.949867	0.423299	0.073115	0.000000
  	264	1.956548	0.423089	0.072867	0.000000
  	265	1.962149	0.422959	0.072676	0.000000
  	266	1.966716	0.422908	0.072533	0.000000
  	267	1.970330	0.422931	0.072432	0.000000
  	268	1.973102	0.423018	0.072368	0.000000
  	269	1.975170	0.423159	0.072341	0.000000
  	270	1.976690	0.423342	0.072348	0.000000
  	271	1.977813	0.423560	0.072392	0.000000
  	272	1.978671	0.423805	0.072474	0.000000
  	273	1.979363	0.424069	0.072590	0.000000
  	274	1.979950	0.424344	0.072734	0.000000
  	275	1.980463	0.424613	0.072896	0.000000
  	276	1.980916	0.424860	0.073063	0.000000
  	277	1.981314	0.425068	0.073226	0.000000
  	278	1.981664	0.425227	0.073379	0.000000
  	279	1.981972	0.425334	0.073517	0.000000
  	280	1.982240	0.425390	0.073640	0.000000
  	281	1.982470	0.425404	0.073748	0.000000
  	282	1.982661	0.425385	0.073842	0.000000
  	283	1.982813	0.425342	0.073925	0.000000
  	284	1.982922	0.425287	0.074000	0.000000
  	285	1.982988	0.425228	0.074070	0.000000
  	286	1.983011	0.425175	0.074137	0.000000
  	287	1.982992	0.425133	0.074203	0.000000
  	288	1.982932	0.425106	0.074270	0.000000
  	289	1.982837	0.425096	0.074336	0.000000
  	290	1.982716	0.425103	0.074403	0.000000
  	291	1.982584	0.425123	0.074470	0.000000
  	292	1.982463	0.425153	0.074536	0.000000
  	293	1.982380	0.425187	0.074601	0.000000
  	294	1.982377	0.425220	0.074662	0.000000
  	295	1.982501	0.425245	0.074721	0.000000
  	296	1.982813	0.425260	0.074775	0.000000
  	297	1.983380	0.425262	0.074824	0.000000
  	298	1.984277	0.425249	0.074865	0.000000
  	299	1.985575	0.425224	0.074896	0.000000
  	300	1.987339	0.425188	0.074916	0.000000
  	301	1.989608	0.425148	0.074925	0.000000
  	302	1.992384	0.425109	0.074923	0.000000
